# Nombre de tâches (n)
100

# Nombre d'étapes (s)
5

# Ressources maximales par étape (soudeurs qualifiés, soudeurs ordinaires, robots)
2 2 4
2 2 4
2 2 4
2 2 4
2 2 4

# Temps de traitement (tâche, étape): (temps soudeur qualifié, temps soudeur ordinaire)
# Tâche 0
(12, 7) (9, 3) (16, 10) (7, 2) (11, 6)
# Tâche 1
(8, 1) (10, 2) (6, 1) (12, 3) (13, 2)
# Tâche 2
(7, 2) (14, 1) (8, 2) (10, 1) (16, 3)
# Tâche 3
(11, 5) (7, 3) (13, 8) (9, 4) (15, 9)
# Tâche 4
(12, 1) (8, 2) (15, 1) (10, 2) (7, 1)
# Tâche 5
(9, 4) (15, 7) (7, 2) (11, 5) (13, 8)
# Tâche 6
(14, 2) (10, 1) (12, 3) (8, 1) (16, 2)
# Tâche 7
(7, 3) (13, 6) (11, 5) (15, 8) (9, 4)
# Tâche 8
(16, 1) (9, 2) (11, 1) (13, 3) (8, 1)
# Tâche 9
(12, 6) (8, 2) (14, 8) (10, 4) (16, 10)
# Tâche 10
(9, 1) (13, 3) (15, 2) (8, 1) (10, 3)
# Tâche 11
(15, 7) (11, 5) (8, 2) (13, 8) (10, 4)
# Tâche 12
(7, 2) (11, 1) (14, 3) (9, 1) (12, 2)
# Tâche 13
(13, 7) (9, 4) (12, 6) (16, 9) (8, 2)
# Tâche 14
(10, 1) (16, 3) (12, 2) (7, 1) (14, 3)
# Tâche 15
(8, 3) (12, 6) (15, 9) (11, 4) (14, 7)
# Tâche 16
(8, 2) (15, 1) (9, 3) (13, 1) (8, 2)
# Tâche 17
(17, 8) (10, 4) (8, 2) (12, 6) (14, 7)
# Tâche 18
(11, 1) (7, 3) (10, 2) (16, 1) (9, 3)
# Tâche 19
(9, 4) (11, 6) (13, 8) (7, 3) (15, 9)
# Tâche 20
(10, 2) (14, 3) (8, 1) (12, 3) (15, 2)
# Tâche 21
(16, 8) (12, 5) (9, 3) (14, 7) (11, 4)
# Tâche 22
(8, 1) (13, 2) (9, 1) (11, 3) (16, 2)
# Tâche 23
(14, 7) (10, 4) (12, 6) (8, 3) (15, 8)
# Tâche 24
(11, 3) (15, 2) (10, 3) (7, 1) (13, 2)
# Tâche 25
(12, 6) (9, 3) (14, 8) (8, 2) (16, 9)
# Tâche 26
(15, 1) (11, 2) (13, 3) (9, 1) (10, 2)
# Tâche 27
(9, 5) (14, 8) (12, 6) (15, 7) (8, 3)
# Tâche 28
(7, 1) (12, 3) (8, 1) (14, 2) (11, 3)
# Tâche 29
(13, 6) (10, 4) (15, 9) (9, 4) (12, 7)
# Tâche 30
(8, 3) (16, 2) (11, 3) (13, 1) (10, 2)
# Tâche 31
(10, 5) (15, 8) (9, 3) (11, 7) (14, 9)
# Tâche 32
(14, 1) (11, 2) (16, 3) (8, 1) (12, 2)
# Tâche 33
(16, 7) (12, 4) (10, 6) (14, 9) (9, 3)
# Tâche 34
(9, 2) (12, 3) (15, 1) (10, 2) (13, 1)
# Tâche 35
(11, 6) (8, 3) (13, 7) (16, 9) (7, 2)
# Tâche 36
(13, 1) (9, 2) (10, 3) (15, 1) (11, 2)
# Tâche 37
(8, 4) (14, 7) (11, 6) (12, 8) (10, 5)
# Tâche 38
(15, 2) (10, 1) (12, 3) (7, 1) (14, 2)
# Tâche 39
(10, 5) (16, 8) (13, 7) (9, 4) (11, 6)
# Tâche 40
(14, 3) (8, 1) (11, 2) (16, 1) (12, 3)
# Tâche 41
(9, 4) (13, 7) (10, 5) (15, 8) (7, 3)
# Tâche 42
(16, 2) (12, 1) (14, 3) (10, 1) (11, 2)
# Tâche 43
(12, 7) (10, 4) (16, 9) (8, 3) (13, 6)
# Tâche 44
(11, 1) (14, 3) (9, 2) (15, 1) (10, 3)
# Tâche 45
(8, 3) (12, 7) (10, 5) (13, 8) (16, 2)
# Tâche 46
(15, 2) (9, 1) (11, 3) (14, 1) (10, 2)
# Tâche 47
(10, 6) (16, 9) (12, 7) (8, 4) (14, 7)
# Tâche 48
(13, 1) (10, 2) (15, 3) (11, 1) (9, 2)
# Tâche 49
(16, 8) (11, 5) (14, 9) (9, 4) (12, 6)
# Tâche 50
(9, 2) (15, 3) (10, 1) (13, 3) (11, 2)
# Tâche 51
(11, 6) (14, 9) (8, 3) (10, 5) (12, 7)
# Tâche 52
(13, 1) (8, 2) (10, 3) (16, 1) (14, 2)
# Tâche 53
(8, 4) (12, 7) (16, 9) (11, 5) (13, 8)
# Tâche 54
(10, 2) (13, 1) (11, 2) (15, 3) (9, 1)
# Tâche 55
(12, 7) (9, 4) (14, 8) (7, 3) (10, 5)
# Tâche 56
(16, 1) (10, 2) (12, 3) (8, 1) (11, 2)
# Tâche 57
(11, 5) (15, 8) (13, 7) (7, 3) (9, 4)
# Tâche 58
(14, 2) (7, 1) (9, 3) (10, 1) (12, 2)
# Tâche 59
(9, 6) (13, 9) (11, 7) (15, 10) (8, 4)
# Tâche 60
(8, 1) (11, 3) (14, 2) (10, 1) (13, 3)
# Tâche 61
(12, 6) (15, 9) (10, 5) (8, 3) (11, 7)
# Tâche 62
(10, 3) (13, 1) (8, 2) (11, 1) (15, 3)
# Tâche 63
(13, 7) (16, 9) (9, 4) (7, 2) (10, 5)
# Tâche 64
(15, 1) (9, 2) (12, 3) (11, 1) (8, 2)
# Tâche 65
(11, 6) (13, 8) (7, 3) (9, 4) (16, 9)
# Tâche 66
(9, 2) (10, 3) (14, 1) (12, 1) (7, 2)
# Tâche 67
(14, 8) (8, 4) (10, 5) (13, 9) (11, 6)
# Tâche 68
(12, 1) (15, 3) (7, 1) (9, 2) (10, 1)
# Tâche 69
(8, 4) (10, 6) (16, 10) (12, 7) (7, 3)
# Tâche 70
(13, 3) (7, 1) (11, 2) (9, 1) (15, 3)
# Tâche 71
(10, 5) (12, 7) (16, 10) (14, 9) (8, 4)
# Tâche 72
(11, 2) (8, 1) (13, 3) (15, 1) (9, 2)
# Tâche 73
(7, 3) (10, 5) (14, 8) (12, 7) (16, 9)
# Tâche 74
(16, 3) (9, 1) (14, 2) (8, 1) (11, 2)
# Tâche 75
(12, 8) (11, 6) (15, 9) (10, 5) (7, 2)
# Tâche 76
(8, 1) (14, 2) (11, 3) (13, 1) (9, 2)
# Tâche 77
(15, 9) (7, 3) (9, 5) (12, 7) (10, 6)
# Tâche 78
(10, 2) (12, 1) (8, 3) (14, 1) (11, 2)
# Tâche 79
(13, 7) (8, 4) (11, 6) (10, 5) (15, 9)
# Tâche 80
(11, 3) (13, 1) (9, 2) (7, 1) (10, 3)
# Tâche 81
(7, 2) (10, 5) (16, 8) (14, 7) (9, 4)
# Tâche 82
(14, 1) (9, 2) (12, 3) (10, 1) (8, 2)
# Tâche 83
(10, 6) (12, 8) (8, 4) (11, 7) (15, 9)
# Tâche 84
(8, 2) (11, 1) (15, 3) (13, 1) (7, 2)
# Tâche 85
(13, 8) (10, 5) (7, 2) (12, 7) (9, 4)
# Tâche 86
(16, 1) (12, 2) (8, 1) (10, 3) (14, 2)
# Tâche 87
(9, 5) (11, 7) (15, 10) (7, 2) (13, 8)
# Tâche 88
(12, 2) (14, 1) (7, 3) (11, 1) (10, 2)
# Tâche 89
(7, 3) (9, 5) (13, 8) (15, 10) (11, 6)
# Tâche 90
(15, 3) (11, 2) (9, 1) (8, 3) (12, 1)
# Tâche 91
(11, 7) (8, 4) (13, 8) (10, 5) (7, 2)
# Tâche 92
(10, 3) (7, 1) (12, 2) (14, 1) (9, 3)
# Tâche 93
(8, 4) (13, 7) (15, 9) (11, 6) (10, 5)
# Tâche 94
(13, 2) (11, 1) (7, 3) (9, 1) (12, 2)
# Tâche 95
(16,8) (10, 5) (14, 9) (6, 3)
# Tâche 96
(7, 1) (9, 3) (11, 2) (15, 1) (8, 3)
# Tâche 97
(14, 9) (6, 3) (12, 7) (8, 4) (10, 5)
# Tâche 98
(11, 2) (15, 1) (8, 3) (13, 1) (7, 2)
# Tâche 99
(10, 6) (7, 2) (9, 5) (14, 9) (12, 8)

# Probabilités de rupture par étape
1.0 1.0 1.0 1.0 1.0

# Probabilités de maintenance par étape
0.5 0.5 0.5 0.5 0.5

# Liste des opérations complexes (tâche, étape) - quelques opérations aléatoires sont complexes
(45, 2) (12, 0) (78, 4) (23, 1) (91, 3) (56, 0) (3, 4) (67, 1) (89, 2) (19, 0)
(33, 3) (71, 1) (98, 4) (5, 0) (41, 2) (82, 3) (29, 0) (63, 4) (1, 1) (95, 2)