# Nombre de tâches (n)
20

# Nombre d'étapes (s)
15

# Ressources maximales par étape (soudeurs qualifiés, soudeurs ordinaires, robots)
2 2 4
2 2 4
2 2 4
2 2 4
2 2 4
2 2 4
2 2 4
2 2 4
2 2 4
2 2 4
2 2 4
2 2 4
2 2 4
2 2 4
2 2 4

# Temps de traitement (tâche, étape): (temps soudeur qualifié, temps soudeur ordinaire)
# Tâche 0
(11, 5) (8, 3) (14, 7) (9, 4) (12, 6) (7, 2) (10, 5) (13, 8) (6, 3) (15, 9) (7, 4) (11, 6) (9, 5) (12, 7) (8, 3)
# Tâche 1
(7, 1) (13, 3) (9, 2) (11, 1) (15, 3) (8, 2) (10, 1) (12, 3) (6, 1) (14, 2) (7, 2) (9, 1) (13, 3) (11, 2) (15, 1)
# Tâche 2
(15, 2) (7, 1) (11, 3) (8, 2) (13, 1) (9, 3) (6, 1) (10, 2) (14, 1) (12, 3) (7, 2) (9, 1) (15, 3) (8, 2) (10, 1)
# Tâche 3
(9, 4) (15, 9) (7, 3) (12, 7) (6, 2) (10, 5) (14, 8) (8, 3) (11, 6) (13, 7) (7, 4) (9, 5) (16, 10) (8, 3) (12, 7)
# Tâche 4
(8, 1) (10, 2) (14, 3) (7, 1) (12, 3) (9, 2) (15, 1) (11, 2) (6, 1) (13, 3) (8, 2) (10, 1) (14, 3) (7, 1) (12, 2)
# Tâche 5
(12, 6) (8, 3) (10, 5) (14, 8) (7, 2) (11, 7) (9, 4) (13, 8) (6, 3) (15, 9) (8, 4) (10, 5) (12, 7) (7, 2) (14, 8)
# Tâche 6
(7, 2) (11, 1) (13, 3) (9, 2) (15, 1) (8, 3) (12, 2) (6, 1) (10, 3) (14, 2) (7, 1) (9, 3) (11, 2) (13, 1) (8, 2)
# Tâche 7
(14, 8) (6, 2) (10, 5) (12, 7) (8, 4) (11, 6) (15, 9) (7, 3) (9, 5) (13, 8) (6, 2) (10, 7) (12, 7) (8, 4) (11, 6)
# Tâche 8
(6, 1) (14, 2) (7, 2) (9, 1) (13, 3) (11, 2) (15, 1) (8, 1) (10, 2) (12, 3) (6, 1) (14, 2) (7, 2) (9, 1) (13, 3)
# Tâche 9
(10, 5) (12, 7) (8, 4) (11, 6) (15, 9) (7, 2) (9, 4) (13, 8) (6, 3) (14, 7) (8, 5) (10, 6) (12, 8) (7, 3) (11, 5)
# Tâche 10
(13, 1) (15, 2) (8, 2) (10, 1) (12, 3) (6, 1) (14, 3) (7, 2) (9, 1) (11, 3) (8, 1) (10, 2) (14, 3) (7, 1) (12, 2)
# Tâche 11
(8, 3) (11, 6) (13, 7) (7, 4) (9, 5) (16, 10) (8, 3) (12, 7) (6, 2) (10, 5) (14, 8) (7, 3) (11, 6) (9, 4) (15, 9)
# Tâche 12
(11, 2) (15, 1) (8, 1) (10, 2) (12, 3) (6, 1) (14, 3) (7, 2) (9, 1) (13, 3) (8, 2) (10, 1) (12, 3) (6, 1) (14, 2)
# Tâche 13
(16, 10) (8, 3) (12, 7) (6, 2) (10, 5) (14, 8) (7, 3) (11, 6) (9, 4) (15, 9) (8, 3) (12, 7) (6, 2) (10, 5) (14, 8)
# Tâche 14
(12, 3) (6, 1) (14, 2) (7, 2) (9, 1) (13, 3) (11, 2) (15, 1) (8, 1) (10, 2) (12, 3) (6, 1) (14, 2) (7, 2) (9, 1)
# Tâche 15
(10, 5) (14, 8) (7, 3) (11, 6) (9, 4) (15, 9) (8, 4) (10, 5) (12, 7) (6, 2) (14, 8) (7, 3) (11, 6) (9, 4) (15, 9)
# Tâche 16
(14, 1) (12, 3) (7, 2) (9, 1) (15, 3) (8, 2) (10, 1) (13, 3) (11, 2) (15, 1) (7, 1) (13, 3) (9, 2) (11, 1) (15, 3)
# Tâche 17
(7, 4) (11, 6) (9, 5) (16, 10) (8, 3) (12, 7) (6, 2) (10, 5) (14, 8) (7, 3) (11, 6) (9, 4) (15, 9) (8, 3) (12, 7)
# Tâche 18
(13, 3) (11, 2) (15, 1) (8, 1) (10, 2) (12, 3) (6, 1) (14, 2) (7, 2) (9, 1) (13, 3) (11, 2) (15, 1) (8, 1) (10, 2)
# Tâche 19
(16, 10) (8, 3) (12, 7) (6, 2) (10, 5) (14, 8) (7, 3) (11, 6) (9, 4) (15, 9) (8, 3) (12, 7) (6, 2) (10, 5) (14, 8)

# Probabilités de rupture par étape
1.0 1.0 1.0 1.0 1.0 1.0 1.0 1.0 1.0 1.0 1.0 1.0 1.0 1.0 1.0

# Probabilités de maintenance par étape
0.5 0.5 0.5 0.5 0.5 0.5 0.5 0.5 0.5 0.5 0.5 0.5 0.5 0.5 0.5

# Liste des opérations complexes (tâche, étape) - ici, la tâche 5 est complexe à toutes les étapes
(5, 0) (5, 1) (5, 2) (5, 3) (5, 4) (5, 5) (5, 6) (5, 7) (5, 8) (5, 9) (5, 10) (5, 11) (5, 12) (5, 13) (5, 14)
