# Nombre de tâches (n)
20

# Nombre d'étapes (s)
10

# Ressources maximales par étape (soudeurs qualifiés, soudeurs ordinaires, robots)
2 2 4
2 2 4
2 2 4
2 2 4
2 2 4
2 2 4
2 2 4
2 2 4
2 2 4
2 2 4

# Temps de traitement (tâche, étape): (temps soudeur qualifié, temps soudeur ordinaire)
# Tâche 0
(12, 6) (8, 3) (15, 9) (7, 2) (10, 5) (13, 7) (9, 4) (11, 6) (16, 8) (14, 7)
# Tâche 1
(9, 1) (11, 2) (7, 1) (13, 3) (6, 1) (10, 2) (8, 1) (12, 3) (14, 2) (7, 1)
# Tâche 2
(7, 2) (13, 1) (9, 2) (11, 1) (15, 3) (8, 1) (12, 2) (6, 1) (10, 2) (14, 1)
# Tâche 3
(10, 5) (6, 3) (12, 7) (8, 4) (14, 9) (7, 2) (11, 6) (9, 5) (13, 8) (16, 10)
# Tâche 4
(11, 1) (7, 2) (14, 1) (9, 2) (6, 1) (12, 3) (8, 1) (10, 2) (13, 1) (15, 3)
# Tâche 5
(8, 4) (14, 7) (6, 2) (10, 5) (12, 8) (7, 3) (9, 6) (15, 9) (11, 7) (13, 8)
# Tâche 6
(13, 2) (9, 1) (11, 3) (7, 1) (15, 2) (6, 1) (10, 3) (12, 1) (8, 2) (14, 1)
# Tâche 7
(6, 3) (12, 6) (10, 5) (14, 8) (8, 4) (11, 7) (7, 2) (13, 9) (15, 10) (9, 4)
# Tâche 8
(15, 1) (8, 2) (10, 1) (12, 3) (7, 1) (9, 2) (14, 1) (6, 2) (11, 1) (13, 3)
# Tâche 9
(11, 6) (7, 2) (13, 8) (9, 4) (15, 10) (6, 3) (10, 5) (12, 7) (8, 4) (14, 9)
# Tâche 10
(8, 1) (12, 3) (14, 2) (7, 1) (9, 3) (11, 2) (15, 1) (6, 2) (10, 3) (13, 1)
# Tâche 11
(14, 7) (10, 5) (7, 2) (12, 8) (9, 4) (16, 9) (6, 3) (11, 6) (8, 4) (13, 7)
# Tâche 12
(6, 2) (10, 1) (13, 3) (8, 1) (11, 2) (15, 1) (7, 3) (9, 1) (12, 2) (14, 1)
# Tâche 13
(12, 7) (8, 4) (11, 6) (15, 9) (7, 2) (10, 5) (14, 8) (6, 3) (9, 5) (13, 7)
# Tâche 14
(9, 1) (15, 3) (11, 2) (6, 1) (13, 3) (7, 1) (10, 2) (12, 1) (8, 3) (14, 2)
# Tâche 15
(7, 3) (11, 6) (14, 9) (9, 4) (13, 7) (8, 2) (12, 5) (10, 3) (16, 10) (6, 1)
# Tâche 16
(10, 2) (14, 1) (8, 3) (12, 1) (7, 2) (11, 1) (13, 3) (9, 1) (15, 2) (6, 1)
# Tâche 17
(16, 8) (9, 4) (7, 2) (11, 6) (13, 7) (6, 3) (10, 5) (14, 9) (8, 4) (12, 7)
# Tâche 18
(11, 1) (13, 3) (9, 2) (15, 1) (8, 3) (10, 2) (12, 1) (7, 3) (14, 2) (6, 1)
# Tâche 19
(8, 4) (10, 6) (12, 8) (6, 3) (14, 9) (9, 5) (7, 2) (11, 7) (15, 10) (13, 8)

# Probabilités de rupture par étape
1.0 1.0 1.0 1.0 1.0 1.0 1.0 1.0 1.0 1.0

# Probabilités de maintenance par étape
0.5 0.5 0.5 0.5 0.5 0.5 0.5 0.5 0.5 0.5

# Liste des opérations complexes (tâche, étape) - ici, la tâche 3 est complexe à toutes les étapes
(3, 0) (3, 1) (3, 2) (3, 3) (3, 4) (3, 5) (3, 6) (3, 7) (3, 8) (3, 9)