# Nombre de tâches (n)
60

# Nombre d'étapes (s)
5

# Ressources maximales par étape (soudeurs qualifiés, soudeurs ordinaires, robots)
2 2 4
2 2 4
2 2 4
2 2 4
2 2 4

# Temps de traitement (tâche, étape): (temps soudeur qualifié, temps soudeur ordinaire)
# Tâche 0
(12, 7) (9, 4) (15, 8) (7, 3) (11, 6)
# Tâche 1
(8, 2) (13, 1) (6, 2) (10, 1) (14, 3)
# Tâche 2
(10, 1) (7, 2) (12, 1) (8, 2) (9, 1)
# Tâche 3
(15, 9) (6, 4) (10, 7) (12, 5) (8, 3)
# Tâche 4
(7, 2) (11, 1) (9, 2) (13, 1) (6, 2)
# Tâche 5
(11, 6) (8, 3) (14, 7) (9, 4) (12, 7)
# Tâche 6
(9, 1) (14, 2) (7, 1) (11, 2) (13, 1)
# Tâche 7
(6, 3) (10, 5) (12, 7) (8, 4) (15, 9)
# Tâche 8
(13, 1) (7, 2) (11, 1) (15, 2) (9, 1)
# Tâche 9
(10, 5) (12, 7) (8, 4) (14, 9) (6, 3)
# Tâche 10
(14, 3) (9, 1) (13, 2) (7, 1) (11, 2)
# Tâche 11
(7, 4) (11, 6) (15, 8) (9, 5) (12, 7)
# Tâche 12
(11, 2) (15, 1) (8, 2) (13, 3) (7, 1)
# Tâche 13
(16, 10) (7, 3) (11, 6) (9, 4) (12, 7)
# Tâche 14
(8, 1) (12, 3) (6, 2) (10, 1) (14, 3)
# Tâche 15
(9, 4) (14, 8) (7, 3) (11, 6) (13, 7)
# Tâche 16
(12, 1) (8, 3) (10, 2) (15, 1) (7, 2)
# Tâche 17
(7, 3) (10, 5) (14, 8) (6, 2) (11, 6)
# Tâche 18
(13, 1) (6, 2) (9, 1) (14, 3) (8, 2)
# Tâche 19
(11, 6) (15, 9) (7, 2) (13, 8) (9, 4)
# Tâche 20
(10, 2) (14, 1) (8, 3) (12, 1) (7, 2)
# Tâche 21
(6, 2) (9, 4) (13, 7) (11, 6) (15, 8)
# Tâche 22
(14, 3) (7, 1) (11, 2) (9, 2) (12, 1)
# Tâche 23
(8, 4) (12, 7) (6, 3) (10, 5) (14, 9)
# Tâche 24
(15, 1) (9, 2) (13, 3) (7, 1) (11, 2)
# Tâche 25
(7, 3) (11, 6) (15, 8) (9, 4) (13, 7)
# Tâche 26
(13, 2) (6, 1) (10, 3) (14, 1) (8, 2)
# Tâche 27
(11, 7) (8, 4) (14, 9) (6, 3) (10, 5)
# Tâche 28
(9, 1) (13, 3) (7, 2) (11, 1) (15, 2)
# Tâche 29
(12, 7) (10, 5) (14, 9) (8, 4) (6, 3)
# Tâche 30
(6, 2) (10, 1) (14, 3) (8, 2) (12, 1)
# Tâche 31
(14, 8) (7, 3) (11, 6) (15, 9) (9, 4)
# Tâche 32
(10, 1) (15, 2) (9, 1) (13, 3) (7, 2)
# Tâche 33
(13, 7) (9, 4) (12, 7) (6, 3) (10, 5)
# Tâche 34
(11, 2) (7, 1) (15, 3) (8, 2) (13, 1)
# Tâche 35
(8, 3) (13, 7) (9, 4) (12, 7) (6, 3)
# Tâche 36
(15, 1) (7, 2) (11, 1) (9, 2) (14, 3)
# Tâche 37
(9, 4) (11, 6) (13, 7) (7, 3) (15, 8)
# Tâche 38
(14, 2) (8, 1) (12, 3) (6, 1) (10, 2)
# Tâche 39
(7, 3) (15, 9) (9, 4) (13, 8) (11, 6)
# Tâche 40
(11, 1) (9, 2) (14, 3) (8, 1) (12, 3)
# Tâche 41
(13, 7) (6, 3) (10, 5) (14, 9) (8, 4)
# Tâche 42
(7, 2) (14, 3) (8, 2) (12, 1) (10, 1)
# Tâche 43
(15, 8) (9, 4) (13, 7) (11, 6) (7, 3)
# Tâche 44
(12, 3) (10, 1) (14, 2) (6, 2) (8, 1)
# Tâche 45
(9, 4) (12, 7) (7, 3) (15, 9) (11, 6)
# Tâche 46
(14, 1) (8, 2) (10, 1) (13, 3) (6, 2)
# Tâche 47
(6, 3) (14, 9) (11, 6) (13, 8) (7, 2)
# Tâche 48
(10, 2) (12, 3) (8, 1) (15, 2) (9, 1)
# Tâche 49
(13, 7) (8, 4) (6, 3) (14, 9) (11, 6)
# Tâche 50
(8, 1) (6, 2) (14, 3) (10, 1) (12, 3)
# Tâche 51
(11, 6) (7, 3) (9, 4) (13, 7) (15, 8)
# Tâche 52
(15, 2) (10, 1) (12, 3) (6, 2) (8, 1)
# Tâche 53
(12, 7) (9, 4) (11, 6) (7, 3) (14, 9)
# Tâche 54
(6, 2) (14, 3) (13, 1) (8, 2) (10, 1)
# Tâche 55
(14, 9) (11, 6) (7, 3) (9, 4) (12, 7)
# Tâche 56
(10, 1) (12, 3) (15, 2) (7, 1) (8, 2)
# Tâche 57
(7, 3) (9, 4) (14, 9) (11, 6) (13, 8)
# Tâche 58
(13, 3) (8, 1) (6, 2) (10, 1) (15, 2)
# Tâche 59
(9, 4) (6, 3) (8, 4) (12, 7) (14, 9)

# Probabilités de rupture par étape
1.0 1.0 1.0 1.0 1.0

# Probabilités de maintenance par étape
0.5 0.5 0.5 0.5 0.5

# Liste des opérations complexes (tâche, étape) - ici, la tâche 30 est complexe à toutes les étapes
(30, 0) (30, 1) (30, 2) (30, 3) (30, 4)